   1    2 919 
   2    3 1009 
   3    4 772 
   4    5 1566 
   5    6 1641 
   6    7 1067 
   7    8 1758 
   8    9 1797 
   9   10 1742 
  10   11 1531 
  11   12 1156 
  12   13 2034 
   1   17 1368 
  17   18 1469 
  18   19 997 
  19   20 1140 
  20   21 1855 
  21   22 1358 
  22   23 1752 
  23   24 1823 
  24   25 2265 
  25   26 1528 
  26   27 1711 
  27   28 1557
  36   37 1315 
  37   38 1417 
  38   39 1664 
   1   39 1480 
   1   40 999 
  40   41 1813 
  41   42 1255 
  42   43 1322 
  43   44 2156 
  44   45 1257 
  45   46 1102
  46   47 2616 
  24   48 1150 
  48   49 1148 
  49   50 963 
  50   51 1138 
  51   52 1146 
  52   53 1164 
  36   53 916 
  36   54 1153 
  54   55 1030 
  55   56 1134 
  56   57 1143 
   4   57 1174 
   4   58 1700 
  58   59 1010 
  59   60 1120 
  60   61 1320 
  61   62 943 
  62   63 1660 
  58   74 1500 
  74   75 1110 
  75   76 1160 
  76   77 761 
  77   78 1380 
  43   78 1350 
  43   79 918 
  79   80 1280
  85   86 931 
  86   87 1220 
  22   87 770 
  22   51 952 
  28   89 1430 
  89   90 1520 
  90   91 2380 
  91   92 2610 
  92   93 2150 
  93   94 1030 
  94   95 1180 
  95   96 1720 
  96   97 1230 
  97   98 1450 

 